# -- Layers heights (m) --
h_solution=50e-9
h_membrane=13e-9
h_sub_membrane=1.8e-9
h_hemholtz=0.66e-9


#  -- Hexagon vertices coordinates [x,y] (m) --
v0=392.3774608510282e-9,196.1887304255141e-9
v1=294.2830956382712e-9,366.0931549102263e-9
v2=98.0943652127571e-9,366.09315491022636e-9
v3=0.0e-9,196.18873042551414e-9
v4=98.09436521275697e-9,26.284305940801914e-9
v5=294.28309563827105e-9,26.2843059408018e-9


# -- Defects list [x,y,r] (m) --
196.1887304255141e-9,196.1887304255141e-9,30e-9
