# -- Layers heights (nm) --
h_solution=0.2
h_membrane=0.2
h_sub_membrane=0.2
h_hemholtz=0.2


#  -- Hexagon vertices coordinates (x,y) --
v0=392.3774608510282,196.1887304255141
v1=294.2830956382712,366.0931549102263
v2=98.0943652127571,366.09315491022636
v3=0.0,196.18873042551414
v4=98.09436521275697,26.284305940801914
v5=294.28309563827105,26.2843059408018


# -- Defects list (x,y,r) --
196.1887304255141e-9,196.1887304255141e-9,30e-9
